130 165 65   0 0
82 165 225   0 0 
240 165 272   0 0 
0.76 0.75 0.5 0 0 0 0 0 0

130 165 65   0 0
240 165 272   0 0 
290 165 114   0 0 
0.76 0.75 0.5 0 0 0 0 0 0

290 0 114   0 0 
290 165 114   0 0
240 165 272   0 0 
0.76 0.75 0.5 0 0 0 0 0 0

290 0 114   0 0 
240 165 272   0 0 
240 0 272   0 0 
0.76 0.75 0.5 0 0 0 0 0 0

130 0 65   0 0 
130 165 65   0 0 
290 165 114   0 0 
0.76 0.75 0.5 0 0 0 0 0 0

130 0 65   0 0 
290 165 114   0 0 
290 0 114   0 0 
0.76 0.75 0.5 0 0 0 0 0 0

82 0 225   0 0 
82 165 225   0 0 
130 165 65   0 0 
0.76 0.75 0.5 0 0 0 0 0 0

82 0 225   0 0 
130 165 65   0 0 
130 0 65   0 0 
0.76 0.75 0.5 0 0 0 0 0 0

240 0 272   0 0 
240 165 272   0 0 
82 165 225   0 0 
0.76 0.75 0.5 0 0 0 0 0 0

240 0 272   0 0 
82 165 225   0 0 
82 0 225   0 0 
0.76 0.75 0.5 0 0 0 0 0 0

423 330 247   0 0 
265 330 296   0 0 
314 330 456   0 0 
0.76 0.75 0.5 0 0 0 0 0 0

423 330 247   0 0 
314 330 456   0 0 
472 330 406   0 0 
0.76 0.75 0.5 0 0 0 0 0 0

423 0 247   0 0 
423 330 247   0 0 
472 330 406   0 0
0.76 0.75 0.5 0 0 0 0 0 0

423 0 247   0 0 
472 330 406   0 0 
472 0 406   0 0 
0.76 0.75 0.5 0 0 0 0 0 0

472 0 406   0 0 
472 330 406   0 0 
314 330 456    0 0
0.76 0.75 0.5 0 0 0 0 0 0

472 0 406    0 0
314 330 456    0 0
314 0 456    0 0
0.76 0.75 0.5 0 0 0 0 0 0

314 0 456    0 0
314 330 456    0 0
265 330 296    0 0
0.76 0.75 0.5 0 0 0 0 0 0

314 0 456    0 0
265 330 296    0 0
265 0 296    0 0
0.76 0.75 0.5 0 0 0 0 0 0

265 0 296    0 0
265 330 296    0 0
423 330 247    0 0
0.76 0.75 0.5 0 0 0 0 0 0

265 0 296    0 0
423 330 247    0 0
423 0 247    0 0
0.76 0.75 0.5 0 0 0 0 0 0