900 0 300
500 0 300
500 300 300
900 300 300
.506 .713 .196 0 0 0 0 0 0

900 300 700
500 300 700
500 0 700
900 0 700
.506 .713 .196 0 0 0 0 0 0

900 0 699.9
500 0 699.9
500 300 699.9
900 300 699.9
.506 .713 .196 0 0 0 0 0 0




500 0 300
500 0 450
500 200 450
500 200 300
.506 .713 .196 0 0 0 0 0 0

500 200 300
500 200 700
500 300 700
500 300 300
.506 .713 .196 0 0 0 0 0 0


500 0 550
500 0 700
500 200 700
500 200 550
.506 .713 .196 0 0 0 0 0 0




900 0 700
900 0 300
900 300 300
900 300 700
.506 .713 .196 0 0 0 0 0 0



900 300 300
500 300 300
500 500 500
900 500 500
.506 .713 .196 0 0 0 0 0 0

900 500 500
500 500 500
500 300 700
900 300 700
.506 .713 .196 0 0 0 0 0 0


