900 0 300
750 0 300
750 300 300
900 300 300
.506 .713 .196 0 0 0 0 0 0


750 0 300
650 0 300
650 100 300
750 100 300
.506 .713 .196 0 0 0 0 0 0

750 200 300
650 200 300
650 300 300
750 300 300
.506 .713 .196 0 0 0 0 0 0

650 0 300
500 0 300
500 300 300
650 300 300
.506 .713 .196 0 0 0 0 0 0



900 300 700
750 300 700
750 0 700
900 0 700
.506 .713 .196 0 0 0 0 0 0

750 100 700
650 100 700
650 0 700
750 0 700
.506 .713 .196 0 0 0 0 0 0

750 300 700
650 300 700
650 200 700
750 200 700
.506 .713 .196 0 0 0 0 0 0

650 300 700
500 300 700
500 0 700
650 0 700
.506 .713 .196 0 0 0 0 0 0



500 0 300
500 0 450
500 200 450
500 200 300
.506 .713 .196 0 0 0 0 0 0

500 200 300
500 200 700
500 300 700
500 300 300
.506 .713 .196 0 0 0 0 0 0


500 0 550
500 0 700
500 200 700
500 200 550
.506 .713 .196 0 0 0 0 0 0




900 0 700
900 0 300
900 300 300
900 300 700
.506 .713 .196 0 0 0 0 0 0



900 300 300
500 300 300
500 500 500
900 500 500
.506 .713 .196 0 0 0 0 0 0

900 500 500
500 500 500
500 300 700
900 300 700
.506 .713 .196 0 0 0 0 0 0


