556 0 559.2    0 0  
0 0 559.2      1 0     
0 548.8 559.2  1 1 
0.76 0.75 0.5 0 0 0 0 0 0   

556 0 559.2      0 0   
0 548.8 559.2    1 1
556 548.8 559.2  0 1
0.76 0.75 0.5 0 0 0 0 0 0



556 0 0          0 0
556 0 559.2      1 0
556 548.8 559.2  1 1       
0.15 0.48 0.09 0 0 0 0 0 0     

556 0 0          0 0
556 548.8 559.2  1 1
556 548.8 0      0 1
0.15 0.48 0.09 0 0 0 0 0 0  



0 0 559.2   1 0 
0 0 0       0 0
0 548.8 0   0 1    
0.63 0.06 0.04 0 0 0 0 0 0           

0 0 559.2   1 0
0 548.8 0   0 1
0 548.8 559.2  1 1
0.63 0.06 0.04 0 0 0 0 0 0  